0x1 0 0 0 0
0x7CD 2 3 25 1
0x7CD 2 2 25 1
0x7CD 2 1 25 1
0x7CD 2 0 25 1
0x7CD 2 -1 25 1
0x7CD 2 -2 25 1
0x7CD 1 3 25 1
0x7CD 1 2 25 1
0x7CD 1 1 25 1
0x7CD 1 0 25 1
0x7CD 1 -1 25 1
0x7CD 1 -2 25 1
0x7CD 0 3 25 1
0x7CD 0 2 25 1
0x7CD 0 1 25 1
0x7CD 0 0 25 1
0x7CD 0 -1 25 1
0x7CD 0 -2 25 1
0x7CD -1 3 25 1
0x7CD -1 2 25 1
0x7CD -1 1 25 1
0x7CD -1 0 25 1
0x7CD -1 -1 25 1
0x7CD -1 -2 25 1
0x7CD -2 3 25 1
0x7CD -2 2 25 1
0x7CD -2 1 25 1
0x7CD -2 0 25 1
0x7CD -2 -1 25 1
0x7CD -2 -2 25 1
0x39C 2 3 25 1
0x39D 2 -3 25 1
0x39D 1 -3 25 1
0x39D 0 -3 25 1
0x39D -1 -3 25 1
0x39D -2 -3 25 1
0x39D 1 3 25 1
0x39D 0 3 25 1
0x39D -1 3 25 1
0x39D -2 3 25 1
0x39E 2 2 25 1
0x39E 2 1 25 1
0x39E 2 0 25 1
0x39E 2 -1 25 1
0x39E 2 -2 25 1
0x39E -3 3 25 1
0x39E -3 2 25 1
0x39E -3 1 25 1
0x39E -3 0 25 1
0x39E -3 -1 25 1
0x39E -3 -2 25 1
0x39F -3 -3 25 1
0x7 -2 -3 5 1
0x7 0 -3 5 1
0x8 -3 -2 5 1
0x8 -3 1 5 1
0x8 -3 0 5 1
0xF -3 -1 5 1
0xF -3 2 5 1
0xE 1 -3 5 1
0xE -1 -3 5 1
0xD -3 3 5 1
0xC 2 -3 5 1
0x9 -3 -3 5 1
0x9 2 3 5 1
0x4C0 -2 -2 5 1
0x4BF 2 -2 5 1
0x4BE -2 3 5 1
0x4BD 2 3 5 1
0x4BC 1 -2 5 1
0x4BC 0 -2 5 1
0x4BC -1 -2 5 1
0x4BB 2 2 5 1
0x4BB 2 1 5 1
0x4BB 2 0 5 1
0x4BB 2 -1 5 1
0x4BA 1 3 5 1
0x4BA 0 3 5 1
0x4BA -1 3 5 1
0x4B9 -2 2 5 1
0x4B9 -2 1 5 1
0x4B9 -2 0 5 1
0x4B9 -2 -1 5 1
0x4B6 1 1 5 1
0x4B6 1 -1 5 1
0x4B6 0 0 5 1
0x4B6 0 2 5 1
0x4B6 -1 -1 5 1
0x4B6 -1 1 5 1
0x4B5 1 2 5 1
0x4B5 1 0 5 1
0x4B5 0 1 5 1
0x4B5 0 -1 5 1
0x4B5 -1 2 5 1
0x4B5 -1 0 5 1
0x6A 2 2 0 1
0xBD1 3 3 5 0
0xB9B 3 3 5 1
0x78F 3 -2 0 1
0x78E 3 2 0 1
0x78A 3 1 0 1
0x78A 3 0 0 1
0x78A 3 -1 0 1
0x6B 2 3 0 1
0x6A 2 -2 0 1
0x69 2 -3 0 1
0x69 1 -3 0 1
0x69 1 3 0 1
0x69 0 3 0 1
0x69 -1 3 0 1
0x6A -3 2 0 1
0x69 -2 3 0 1
0x6A -3 3 0 1
0x69 0 -3 0 1
0x69 -1 -3 0 1
0x69 -2 -3 0 1
0x6A -3 1 0 1
0x6A -3 0 0 1
0x6C -3 -3 0 1
0x6A -3 -1 0 1
0x6A -3 -2 0 1
